10
51
70.0 296.0
446.0 0.0
-482.0 -354.0
-7.0 355.0
302.0 114.0
-197.0 -331.0
390.0 -286.0
204.0 -248.0
-420.0 287.0
-448.0 -199.0
476.0 -45.0
81.0 -485.0
-264.0 155.0
390.0 451.0
-412.0 194.0
-453.0 -434.0
81.0 -296.0
-413.0 447.0
-98.0 -157.0
-289.0 234.0
161.0 -308.0
-260.0 -357.0
-223.0 -5.0
-490.0 343.0
-212.0 450.0
118.0 -282.0
272.0 -82.0
-409.0 452.0
82.0 3.0
-187.0 186.0
272.0 -5.0
120.0 3.0
51.0 274.0
153.0 -116.0
170.0 -499.0
-457.0 362.0
442.0 -95.0
195.0 -32.0
-17.0 -464.0
-376.0 465.0
333.0 -472.0
-455.0 -272.0
-430.0 168.0
-176.0 -452.0
249.0 -146.0
-401.0 -202.0
-300.0 230.0
-203.0 82.0
459.0 325.0
172.0 -138.0
-57.0 273.0
70
-288.0 296.0
-307.0 -12.0
375.0 17.0
125.0 -442.0
156.0 -40.0
-127.0 86.0
165.0 300.0
-316.0 -280.0
419.0 104.0
-478.0 159.0
395.0 493.0
386.0 457.0
148.0 -85.0
294.0 368.0
-386.0 333.0
217.0 -375.0
203.0 265.0
185.0 -97.0
-370.0 307.0
-428.0 464.0
311.0 323.0
109.0 -496.0
42.0 34.0
-346.0 -238.0
454.0 180.0
264.0 -286.0
-406.0 229.0
186.0 -309.0
-339.0 51.0
385.0 301.0
-268.0 31.0
79.0 420.0
-485.0 330.0
45.0 -137.0
144.0 -134.0
387.0 -43.0
-352.0 279.0
-22.0 -313.0
365.0 -104.0
92.0 -480.0
396.0 163.0
-448.0 471.0
359.0 -181.0
57.0 278.0
-176.0 291.0
54.0 264.0
-165.0 489.0
-280.0 -248.0
-137.0 73.0
-346.0 -90.0
180.0 218.0
-349.0 334.0
150.0 -190.0
468.0 322.0
-437.0 360.0
69.0 -136.0
-22.0 -253.0
40.0 57.0
-100.0 -214.0
101.0 -42.0
118.0 434.0
153.0 185.0
-378.0 -467.0
399.0 -468.0
-291.0 -412.0
214.0 -286.0
-198.0 -193.0
132.0 -268.0
260.0 80.0
-298.0 492.0
66
263.0 279.0
410.0 383.0
161.0 -65.0
-142.0 6.0
415.0 -290.0
-91.0 -64.0
-355.0 229.0
-19.0 -67.0
197.0 229.0
-6.0 -117.0
128.0 83.0
413.0 -184.0
80.0 -236.0
282.0 414.0
435.0 -43.0
344.0 282.0
-385.0 -198.0
-17.0 -453.0
288.0 -251.0
-118.0 202.0
-104.0 -418.0
-319.0 -38.0
-435.0 -152.0
500.0 -473.0
5.0 -205.0
370.0 -116.0
-474.0 426.0
-395.0 119.0
147.0 262.0
40.0 101.0
-480.0 109.0
-266.0 -440.0
336.0 25.0
-255.0 444.0
-482.0 -30.0
29.0 266.0
266.0 -460.0
214.0 -15.0
-459.0 481.0
255.0 85.0
98.0 -78.0
-440.0 206.0
-51.0 -384.0
146.0 125.0
112.0 -407.0
217.0 76.0
-27.0 473.0
36.0 -135.0
-353.0 -208.0
146.0 -117.0
301.0 -353.0
-257.0 407.0
-291.0 -381.0
152.0 -264.0
-357.0 -145.0
205.0 -113.0
-212.0 -299.0
-284.0 -248.0
421.0 -340.0
-309.0 149.0
130.0 -355.0
124.0 446.0
-70.0 361.0
242.0 -136.0
-352.0 414.0
326.0 -155.0
56
236.0 -368.0
-416.0 118.0
172.0 -434.0
474.0 116.0
-116.0 386.0
-44.0 -338.0
356.0 242.0
-15.0 -466.0
-405.0 -96.0
408.0 -183.0
-246.0 236.0
493.0 -80.0
184.0 -100.0
408.0 370.0
314.0 -417.0
-221.0 -111.0
-54.0 425.0
302.0 203.0
72.0 12.0
-475.0 -97.0
273.0 194.0
431.0 496.0
238.0 397.0
218.0 340.0
410.0 -130.0
358.0 385.0
5.0 -390.0
-176.0 350.0
374.0 163.0
280.0 26.0
289.0 -130.0
149.0 177.0
90.0 -54.0
277.0 193.0
234.0 487.0
339.0 92.0
-335.0 40.0
454.0 -156.0
-407.0 -323.0
21.0 -423.0
-462.0 -203.0
-281.0 -27.0
120.0 -461.0
-466.0 121.0
-214.0 429.0
-33.0 101.0
-358.0 346.0
-325.0 -462.0
-311.0 400.0
14.0 460.0
114.0 -354.0
479.0 267.0
178.0 -51.0
-16.0 -374.0
-218.0 -416.0
153.0 451.0
51
-379.0 -122.0
-440.0 337.0
242.0 -109.0
-321.0 -33.0
284.0 328.0
-99.0 -110.0
-16.0 87.0
-13.0 -294.0
351.0 74.0
295.0 -154.0
-466.0 215.0
-290.0 -441.0
178.0 -396.0
-361.0 -348.0
24.0 -410.0
-35.0 -236.0
240.0 357.0
388.0 222.0
-410.0 -189.0
-193.0 -437.0
38.0 -88.0
-431.0 -259.0
442.0 -87.0
-18.0 -493.0
-131.0 -472.0
371.0 419.0
-255.0 173.0
167.0 4.0
148.0 -167.0
-159.0 272.0
226.0 160.0
-439.0 194.0
-309.0 241.0
496.0 204.0
-162.0 310.0
275.0 -304.0
-88.0 -401.0
-336.0 -428.0
467.0 489.0
-37.0 97.0
429.0 311.0
-379.0 48.0
-371.0 299.0
-177.0 480.0
-12.0 355.0
98.0 435.0
-378.0 -129.0
274.0 -209.0
290.0 -61.0
-116.0 201.0
22.0 161.0
65
496.0 99.0
-373.0 -92.0
288.0 267.0
-101.0 394.0
348.0 -103.0
-93.0 279.0
296.0 -325.0
-110.0 257.0
-383.0 -450.0
-113.0 -371.0
-191.0 442.0
479.0 328.0
-331.0 -30.0
318.0 318.0
-414.0 168.0
397.0 470.0
264.0 311.0
-40.0 429.0
198.0 133.0
291.0 -382.0
-442.0 -468.0
-78.0 -255.0
-475.0 400.0
-471.0 -155.0
-65.0 7.0
-344.0 185.0
-499.0 446.0
-123.0 402.0
-268.0 -470.0
454.0 332.0
289.0 373.0
-229.0 182.0
-95.0 -189.0
468.0 493.0
385.0 305.0
-33.0 159.0
-362.0 44.0
-259.0 324.0
101.0 -355.0
78.0 -293.0
114.0 375.0
-264.0 -246.0
-442.0 -200.0
143.0 -293.0
-109.0 138.0
-495.0 -28.0
60.0 -309.0
215.0 175.0
3.0 -452.0
28.0 -452.0
493.0 -284.0
399.0 452.0
324.0 -154.0
475.0 -211.0
-287.0 233.0
-216.0 334.0
-177.0 -214.0
-138.0 -208.0
-434.0 -223.0
-469.0 -31.0
351.0 197.0
-402.0 -355.0
437.0 -313.0
-275.0 -21.0
-208.0 91.0
59
381.0 40.0
498.0 -233.0
-228.0 -481.0
59.0 281.0
-260.0 420.0
-47.0 415.0
424.0 -12.0
442.0 467.0
-191.0 -328.0
170.0 -175.0
-332.0 -316.0
487.0 -79.0
-135.0 409.0
-238.0 -298.0
354.0 -184.0
-341.0 55.0
209.0 -351.0
218.0 -483.0
-7.0 -292.0
300.0 287.0
478.0 357.0
126.0 -158.0
351.0 -95.0
-58.0 -252.0
-353.0 -469.0
277.0 -433.0
374.0 473.0
47.0 -198.0
-278.0 -312.0
246.0 -43.0
277.0 -17.0
268.0 121.0
334.0 341.0
-44.0 -246.0
-307.0 94.0
-291.0 214.0
-179.0 -33.0
359.0 74.0
144.0 -341.0
52.0 -495.0
-44.0 -468.0
-35.0 -298.0
-471.0 -366.0
9.0 -203.0
245.0 -460.0
407.0 -380.0
-297.0 214.0
487.0 82.0
-105.0 23.0
423.0 -222.0
-216.0 336.0
367.0 -276.0
156.0 238.0
180.0 -365.0
-456.0 -386.0
-222.0 205.0
277.0 -285.0
-241.0 -402.0
124.0 78.0
68
439.0 108.0
-88.0 393.0
337.0 -48.0
-370.0 35.0
-304.0 30.0
-158.0 146.0
423.0 404.0
-120.0 482.0
187.0 -303.0
-448.0 -61.0
251.0 437.0
117.0 115.0
146.0 -434.0
-34.0 318.0
131.0 -111.0
303.0 -354.0
-480.0 382.0
-195.0 299.0
224.0 -29.0
-25.0 356.0
-280.0 234.0
-203.0 341.0
-47.0 140.0
233.0 243.0
261.0 -475.0
54.0 429.0
371.0 248.0
-368.0 239.0
210.0 -136.0
-444.0 -97.0
317.0 -354.0
72.0 83.0
-122.0 108.0
-293.0 -149.0
46.0 -78.0
70.0 406.0
-407.0 -252.0
-50.0 184.0
460.0 -434.0
427.0 -326.0
365.0 -144.0
-109.0 -430.0
358.0 115.0
-77.0 116.0
-426.0 -63.0
60.0 56.0
175.0 87.0
321.0 172.0
-179.0 -162.0
-21.0 -61.0
205.0 373.0
-197.0 462.0
-310.0 274.0
68.0 455.0
-85.0 281.0
27.0 397.0
-423.0 289.0
358.0 -71.0
-147.0 280.0
-283.0 142.0
411.0 -390.0
82.0 130.0
304.0 254.0
310.0 -439.0
-332.0 -383.0
-427.0 411.0
-338.0 -219.0
-356.0 -357.0
54
-379.0 -29.0
-444.0 156.0
310.0 -128.0
239.0 234.0
-187.0 135.0
354.0 493.0
-64.0 366.0
-24.0 -129.0
-263.0 406.0
440.0 -65.0
173.0 -292.0
-48.0 335.0
-175.0 81.0
-251.0 239.0
-16.0 345.0
15.0 157.0
-247.0 -58.0
-1.0 -88.0
-135.0 -340.0
-110.0 -407.0
434.0 -249.0
434.0 236.0
-413.0 219.0
-104.0 145.0
292.0 -360.0
249.0 290.0
-460.0 413.0
19.0 383.0
-54.0 228.0
376.0 185.0
482.0 74.0
263.0 -350.0
-113.0 62.0
220.0 458.0
-175.0 188.0
29.0 -232.0
-16.0 -113.0
-455.0 346.0
275.0 77.0
-389.0 306.0
168.0 -4.0
275.0 115.0
227.0 -376.0
-220.0 -492.0
-231.0 88.0
-266.0 -497.0
485.0 236.0
-474.0 -446.0
229.0 110.0
-396.0 -320.0
-50.0 317.0
-72.0 170.0
-197.0 -216.0
-49.0 -78.0
58
494.0 -117.0
-408.0 493.0
377.0 -249.0
135.0 391.0
299.0 477.0
161.0 -148.0
-28.0 55.0
-383.0 176.0
237.0 428.0
-43.0 119.0
-20.0 98.0
300.0 226.0
-192.0 -490.0
2.0 170.0
280.0 -393.0
-289.0 92.0
469.0 -238.0
-301.0 -242.0
-61.0 -208.0
143.0 305.0
105.0 21.0
482.0 407.0
-172.0 350.0
437.0 346.0
-300.0 413.0
432.0 -449.0
-272.0 -218.0
-114.0 -439.0
328.0 488.0
-144.0 195.0
250.0 -69.0
-449.0 -414.0
-465.0 -428.0
-214.0 383.0
-374.0 -63.0
418.0 -70.0
483.0 -40.0
493.0 -393.0
-295.0 474.0
185.0 75.0
412.0 -494.0
-309.0 439.0
-5.0 360.0
-48.0 -19.0
-269.0 36.0
454.0 93.0
227.0 -252.0
180.0 -438.0
242.0 413.0
-261.0 -95.0
-424.0 95.0
290.0 373.0
-343.0 168.0
31.0 90.0
267.0 -295.0
215.0 438.0
-451.0 6.0
295.0 -73.0
