3
60
-105.0 -439.0
-388.0 -428.0
-61.0 7.0
-323.0 277.0
-36.0 258.0
-376.0 -455.0
-274.0 226.0
147.0 314.0
-109.0 -459.0
-419.0 239.0
345.0 195.0
-78.0 -329.0
-400.0 -370.0
-53.0 -305.0
35.0 36.0
430.0 481.0
-284.0 -289.0
-396.0 -383.0
163.0 218.0
274.0 -77.0
305.0 -328.0
-333.0 107.0
363.0 192.0
100.0 137.0
170.0 -300.0
-393.0 89.0
383.0 -286.0
166.0 -8.0
127.0 45.0
-334.0 467.0
114.0 -83.0
-480.0 79.0
286.0 128.0
204.0 -228.0
462.0 167.0
500.0 263.0
38.0 364.0
-490.0 -97.0
-443.0 253.0
-492.0 -296.0
27.0 -451.0
-47.0 -255.0
285.0 -10.0
-78.0 197.0
175.0 463.0
176.0 30.0
-278.0 192.0
-309.0 262.0
-379.0 -44.0
-156.0 174.0
-196.0 -403.0
-473.0 -215.0
-53.0 27.0
-309.0 472.0
19.0 361.0
433.0 -36.0
-421.0 -40.0
140.0 20.0
481.0 -457.0
266.0 -151.0
58
462.0 45.0
-149.0 51.0
344.0 -45.0
118.0 222.0
-246.0 -472.0
228.0 246.0
-55.0 -470.0
-470.0 157.0
167.0 94.0
-487.0 487.0
-217.0 431.0
-461.0 -448.0
341.0 365.0
-217.0 -332.0
-474.0 -302.0
-108.0 493.0
97.0 441.0
387.0 -181.0
-160.0 -330.0
-227.0 500.0
57.0 -103.0
-429.0 190.0
-234.0 -353.0
417.0 482.0
-367.0 -106.0
-226.0 -490.0
-170.0 -177.0
232.0 149.0
93.0 -275.0
-284.0 174.0
132.0 369.0
-350.0 489.0
-445.0 128.0
241.0 233.0
498.0 84.0
5.0 367.0
387.0 437.0
-261.0 -28.0
-53.0 197.0
-333.0 216.0
-306.0 171.0
-218.0 481.0
-119.0 167.0
78.0 297.0
-84.0 -383.0
187.0 355.0
-198.0 -383.0
439.0 62.0
-41.0 -418.0
-180.0 -243.0
4.0 239.0
-52.0 -490.0
-237.0 30.0
-230.0 404.0
-22.0 -336.0
-329.0 299.0
-293.0 470.0
-70.0 202.0
58
345.0 -43.0
-419.0 -260.0
440.0 390.0
258.0 98.0
-123.0 108.0
-277.0 -371.0
-161.0 320.0
-154.0 316.0
-369.0 283.0
-184.0 -270.0
429.0 -433.0
-440.0 -215.0
-459.0 104.0
-406.0 337.0
321.0 339.0
-219.0 -215.0
-377.0 -318.0
39.0 -177.0
169.0 -376.0
460.0 461.0
388.0 -116.0
25.0 420.0
-268.0 -202.0
276.0 388.0
387.0 58.0
-423.0 -264.0
-246.0 -409.0
-459.0 -459.0
-229.0 -1.0
334.0 131.0
-367.0 -226.0
-323.0 2.0
481.0 -126.0
314.0 -291.0
23.0 -83.0
-292.0 -5.0
262.0 -267.0
404.0 496.0
-336.0 -79.0
63.0 370.0
-103.0 -416.0
209.0 108.0
-471.0 16.0
-295.0 -266.0
-396.0 -54.0
39.0 -431.0
-256.0 -385.0
379.0 -187.0
-450.0 -73.0
-243.0 -500.0
-246.0 453.0
-180.0 239.0
119.0 288.0
-442.0 414.0
-169.0 -370.0
261.0 -150.0
52.0 -453.0
320.0 380.0
