4
123
156.0 98.0
-204.0 -269.0
283.0 -97.0
282.0 -247.0
-248.0 -64.0
-123.0 15.0
-221.0 -285.0
101.0 -197.0
-130.0 172.0
-268.0 56.0
130.0 -275.0
-282.0 234.0
-287.0 -61.0
16.0 -188.0
26.0 -140.0
-281.0 145.0
153.0 -130.0
-279.0 187.0
-136.0 -29.0
181.0 226.0
-182.0 -50.0
161.0 -127.0
-142.0 181.0
200.0 111.0
297.0 -113.0
-263.0 22.0
142.0 207.0
-85.0 86.0
-231.0 188.0
-16.0 31.0
227.0 -48.0
210.0 -10.0
278.0 -22.0
1.0 167.0
213.0 293.0
-293.0 -10.0
169.0 260.0
175.0 -77.0
-249.0 -234.0
30.0 72.0
-264.0 164.0
-216.0 -237.0
-273.0 -222.0
230.0 275.0
177.0 28.0
-110.0 271.0
-7.0 -121.0
-128.0 -181.0
200.0 211.0
-249.0 -5.0
32.0 104.0
-27.0 -19.0
-196.0 142.0
-65.0 287.0
257.0 196.0
-230.0 -144.0
-149.0 182.0
-92.0 105.0
144.0 291.0
-206.0 142.0
-86.0 -74.0
267.0 247.0
-259.0 186.0
23.0 -52.0
-53.0 -26.0
-69.0 -189.0
-168.0 -167.0
142.0 -183.0
221.0 -88.0
-9.0 96.0
-201.0 -172.0
-226.0 -101.0
113.0 242.0
-231.0 232.0
202.0 -115.0
-92.0 -101.0
162.0 -125.0
125.0 141.0
-24.0 -264.0
135.0 162.0
-195.0 216.0
-151.0 119.0
-271.0 139.0
225.0 -59.0
116.0 -106.0
96.0 218.0
57.0 20.0
193.0 -252.0
154.0 -299.0
-163.0 -122.0
37.0 200.0
121.0 -132.0
-208.0 257.0
-141.0 -232.0
-280.0 126.0
-111.0 94.0
125.0 287.0
83.0 -190.0
-99.0 59.0
-9.0 -217.0
157.0 133.0
-30.0 175.0
-146.0 -276.0
83.0 -102.0
89.0 31.0
-42.0 258.0
-257.0 -80.0
-150.0 -61.0
-168.0 144.0
7.0 -142.0
131.0 -38.0
-214.0 204.0
-158.0 -256.0
189.0 -237.0
-217.0 132.0
-73.0 -100.0
53.0 -201.0
-140.0 -69.0
7.0 -212.0
101.0 -291.0
-282.0 -252.0
-277.0 25.0
126.0 127.0
126
169.0 23.0
103.0 -205.0
-100.0 177.0
282.0 224.0
-93.0 -103.0
-204.0 -167.0
-271.0 184.0
216.0 98.0
-209.0 57.0
-171.0 166.0
287.0 27.0
115.0 62.0
-79.0 120.0
-22.0 241.0
-44.0 81.0
48.0 -178.0
-298.0 236.0
236.0 -102.0
-65.0 131.0
-289.0 -159.0
-14.0 -204.0
-293.0 276.0
211.0 93.0
0.0 112.0
-123.0 -14.0
-120.0 26.0
-213.0 179.0
-119.0 -197.0
18.0 -242.0
247.0 -63.0
73.0 53.0
297.0 -199.0
-253.0 91.0
256.0 -190.0
-258.0 -135.0
-88.0 157.0
233.0 -96.0
203.0 229.0
135.0 106.0
-6.0 122.0
239.0 -103.0
18.0 -54.0
-172.0 15.0
286.0 -122.0
91.0 6.0
-34.0 -97.0
242.0 -7.0
-135.0 211.0
-103.0 -81.0
-20.0 -152.0
195.0 4.0
-271.0 215.0
297.0 -223.0
-51.0 75.0
113.0 -211.0
218.0 298.0
-26.0 295.0
-228.0 128.0
-232.0 -34.0
-6.0 142.0
-3.0 182.0
-111.0 -165.0
-280.0 24.0
77.0 188.0
-219.0 -197.0
247.0 -288.0
18.0 1.0
-62.0 225.0
-196.0 -195.0
1.0 196.0
-118.0 229.0
-125.0 79.0
133.0 239.0
3.0 114.0
158.0 89.0
284.0 -120.0
162.0 -145.0
-35.0 -113.0
154.0 179.0
230.0 -107.0
293.0 119.0
51.0 -213.0
-250.0 9.0
-276.0 27.0
-76.0 -107.0
97.0 -299.0
142.0 176.0
-49.0 -278.0
44.0 260.0
53.0 187.0
-223.0 -246.0
264.0 130.0
-74.0 151.0
263.0 185.0
-260.0 35.0
296.0 208.0
-17.0 255.0
129.0 20.0
-261.0 68.0
-88.0 -50.0
-70.0 -123.0
-18.0 22.0
177.0 -185.0
232.0 293.0
-158.0 177.0
-147.0 -231.0
-209.0 72.0
-2.0 -79.0
236.0 22.0
-192.0 -52.0
233.0 -261.0
217.0 -165.0
25.0 52.0
-69.0 -57.0
65.0 -113.0
13.0 45.0
106.0 -47.0
-59.0 -88.0
-7.0 -294.0
-196.0 145.0
51.0 -24.0
252.0 -44.0
44.0 -160.0
46.0 114.0
107.0 -293.0
234.0 107.0
123
-257.0 79.0
-268.0 105.0
-26.0 247.0
242.0 -60.0
-107.0 -168.0
154.0 -28.0
181.0 -205.0
-251.0 188.0
10.0 123.0
-294.0 -258.0
149.0 215.0
-271.0 213.0
212.0 -251.0
-163.0 -223.0
175.0 67.0
127.0 218.0
201.0 122.0
71.0 -192.0
-49.0 257.0
-238.0 225.0
-156.0 216.0
88.0 69.0
7.0 62.0
153.0 0.0
-237.0 244.0
188.0 -17.0
-126.0 273.0
-93.0 -250.0
-80.0 26.0
232.0 58.0
106.0 -101.0
-215.0 -257.0
-131.0 -80.0
223.0 48.0
-29.0 -232.0
206.0 30.0
-251.0 9.0
-12.0 -243.0
-209.0 -149.0
66.0 137.0
234.0 -128.0
197.0 -218.0
-217.0 148.0
-169.0 -101.0
-187.0 -217.0
-247.0 -122.0
-136.0 -128.0
82.0 52.0
-283.0 255.0
47.0 213.0
-69.0 -264.0
290.0 121.0
-161.0 -201.0
195.0 184.0
-41.0 -36.0
-31.0 223.0
-195.0 231.0
32.0 -91.0
197.0 43.0
-279.0 -219.0
-24.0 75.0
159.0 -173.0
2.0 18.0
-156.0 -164.0
-114.0 -244.0
-203.0 264.0
-251.0 -33.0
-171.0 99.0
284.0 103.0
83.0 15.0
136.0 -189.0
222.0 193.0
260.0 50.0
181.0 -105.0
-203.0 -288.0
176.0 169.0
-1.0 97.0
-203.0 -224.0
-39.0 215.0
-193.0 19.0
184.0 173.0
-95.0 185.0
-166.0 -287.0
27.0 80.0
-197.0 117.0
25.0 3.0
199.0 -122.0
210.0 44.0
-89.0 -243.0
63.0 107.0
-42.0 -292.0
225.0 -77.0
202.0 -275.0
-281.0 289.0
153.0 245.0
238.0 -186.0
-67.0 270.0
150.0 155.0
-109.0 57.0
-95.0 -226.0
-162.0 -90.0
-146.0 212.0
242.0 -146.0
-260.0 146.0
-294.0 -54.0
30.0 139.0
-127.0 -229.0
10.0 26.0
102.0 -30.0
286.0 34.0
193.0 5.0
-24.0 -152.0
58.0 -90.0
-252.0 -190.0
-108.0 -250.0
249.0 -271.0
286.0 -262.0
221.0 -72.0
111.0 125.0
-139.0 160.0
292.0 -71.0
-192.0 -86.0
-13.0 -26.0
130
191.0 53.0
7.0 -266.0
-127.0 170.0
144.0 99.0
13.0 270.0
132.0 233.0
247.0 -155.0
232.0 -246.0
-174.0 -250.0
97.0 -168.0
153.0 -80.0
184.0 38.0
200.0 -242.0
-157.0 -211.0
-130.0 83.0
212.0 -278.0
115.0 207.0
157.0 -177.0
5.0 143.0
-127.0 -157.0
-265.0 -266.0
100.0 66.0
285.0 -154.0
266.0 -119.0
83.0 -227.0
-280.0 30.0
-271.0 285.0
-248.0 -99.0
60.0 -144.0
103.0 -2.0
202.0 179.0
60.0 247.0
52.0 -180.0
25.0 74.0
114.0 251.0
-276.0 225.0
-287.0 284.0
192.0 35.0
-236.0 -99.0
279.0 -21.0
-147.0 -95.0
-130.0 -113.0
11.0 34.0
207.0 15.0
-207.0 -55.0
65.0 -95.0
-31.0 -238.0
274.0 37.0
-143.0 -282.0
-214.0 285.0
-1.0 -258.0
179.0 49.0
-277.0 -36.0
-175.0 56.0
21.0 -290.0
34.0 -152.0
-95.0 -97.0
-212.0 -149.0
-269.0 161.0
-137.0 -143.0
20.0 84.0
202.0 111.0
156.0 -172.0
-90.0 283.0
9.0 130.0
133.0 111.0
-265.0 281.0
-17.0 -156.0
178.0 25.0
-244.0 -99.0
241.0 -240.0
117.0 -74.0
-115.0 101.0
-151.0 271.0
-52.0 71.0
-299.0 49.0
4.0 -223.0
30.0 22.0
-104.0 -112.0
117.0 -276.0
-139.0 103.0
-78.0 -175.0
-1.0 -167.0
-130.0 -181.0
124.0 55.0
85.0 48.0
76.0 173.0
-65.0 135.0
151.0 -251.0
-149.0 187.0
229.0 -65.0
168.0 60.0
-215.0 -273.0
-178.0 205.0
70.0 -77.0
47.0 9.0
-58.0 247.0
158.0 -138.0
44.0 178.0
-157.0 -118.0
105.0 -253.0
-156.0 13.0
-140.0 -168.0
73.0 -152.0
38.0 -182.0
36.0 161.0
161.0 -243.0
27.0 -295.0
-22.0 178.0
287.0 295.0
283.0 -194.0
-171.0 136.0
260.0 -232.0
194.0 -173.0
106.0 -280.0
-30.0 -174.0
229.0 125.0
15.0 -283.0
-208.0 278.0
-80.0 -299.0
236.0 31.0
298.0 -172.0
246.0 -109.0
144.0 17.0
12.0 -115.0
-148.0 -65.0
-267.0 166.0
46.0 -51.0
-220.0 -73.0
-287.0 -140.0
